0.4009 0.5432 0.4273 0.5951 0.5830 0.5314 0.5765 0.6500 0.8000 0.4329 0.4766 0.8468 0.7634 0.7964 0.6690 0.7476 0.7577 0.8281 0.7583 0.6700 0.7367
0.9392 0.3622 0.5049 0.4048 0.9904 0.3690 0.7898 0.2516 1.0472 1.0322 0.5190 0.4028 0.9515 0.9489 0.9742 0.5488 0.4981 0.6497 0.9035 0.3328 0.4878
1.0136 0.5878 0.7054 0.4410 1.1368 1.2283 0.9972 0.3865 1.1522 1.1973 0.8489 0.5641 0.9463 0.9756 1.1289 0.3199 0.3334 0.7366 0.8927 0.3256 0.4264
0.8536 1.1964 1.2729 0.7932 1.1307 0.6488 0.9411 0.6369 0.3717 0.8908 1.0074 0.5653 0.4168 0.5394 0.6933 0.4918 0.6469 0.2125 0.7274 0.6036 0.6708
0.4721 0.7758 0.6189 0.8526 0.5269 0.7889 0.4989 0.8441 0.6141 0.3995 0.7758 0.8065 0.8077 0.8258 0.4976 0.7879 0.9542 0.8404 0.8947 0.9347 0.9474
0.6358 0.6352 0.6987 0.8704 0.7514 0.5145 0.7557 0.9316 0.8541 0.6569 0.7214 1.1305 0.6158 0.7412 1.1651 1.2869 0.7021 1.0531 0.4644 1.0441 0.5860
0.5057 0.7054 0.5507 0.8761 0.5967 0.7263 0.4649 0.8133 0.5996 0.9241 0.8047 0.7187 0.8851 0.8016 0.6633 0.7393 0.9598 0.7987 0.9231 0.9158 0.9646
0.9530 1.0350 0.7075 1.1692 0.3805 1.0842 0.5861 1.0933 0.4814 0.3797 0.4949 0.7390 0.5663 0.5378 0.3434 0.9338 1.1698 0.9822 1.1497 1.2436 1.1874
0.6234 0.6197 0.6412 0.5494 0.5119 0.6129 0.4283 0.6978 0.6389 0.5783 0.4916 0.7058 0.6669 0.4360 0.6335 0.7592 0.6170 0.5868 0.4192 0.5906 0.5549
0.6999 0.4867 0.7064 0.5104 0.7352 0.4835 0.7561 0.5845 0.7126 0.7022 0.4338 0.4730 0.6516 0.6121 0.7252 0.6471 0.6418 0.6234 0.4675 0.5883 0.5605
0.9655 0.8781 0.8112 0.9602 0.4682 0.9086 0.6396 0.8792 0.8129 0.9042 0.9502 0.8261 0.9628 0.9507 0.7726 0.7525 0.9695 0.7468 0.7166 0.6872 0.9957
0.7868 0.6745 0.7032 0.4378 0.7596 0.5792 0.8494 0.5463 0.8689 0.8153 0.6199 0.6177 0.7085 0.7739 0.8959 0.8149 0.3793 0.6907 0.4779 0.4777 0.3901
0.7047 0.7718 0.9057 0.8612 1.0577 0.7906 1.3148 0.8429 0.3923 0.5541 0.8252 0.7546 0.4244 0.4548 0.2585 0.5055 0.6785 0.5046 0.7726 0.8758 0.8801
0.4459 0.7281 0.7462 0.6787 0.3709 0.7337 0.4016 0.8419 0.6542 0.5323 1.0307 0.8490 0.6328 0.6058 0.5794 0.6646 0.6917 0.7466 0.4324 0.7101 0.6114